[{"freqs": [[0.06734285216785652, 0.01338586104823263, 0.03412850426606304, 0.04853734981716873, 0.11537959254744908, 0.01998084624760578, 0.01601950200243775, 0.02278861222357653, 0.07654971269371409, 0.0025901096987637124, 0.005680828835103604, 0.038242207905275986, 0.030145394393174298, 0.07376371234546404, 0.08344941668117709, 0.02844767543095943, 0.0010012188751523593, 0.06999825874978234, 0.07937924429740553, 0.07500435312554414, 0.026162284520285566, 0.015127111265888908, 0.036326832665854084, 0.00609437576179697, 0.013516454814556851, 0.0009576876197109525], [0.08002776772881488, 0.016132659346676185, 0.03525719369946322, 0.038249068705574076, 0.12949147902265418, 0.016699746766135105, 0.018948541705368752, 0.04262933015242919, 0.07382891559197083, 0.004536699355671363, 0.006814826402808061, 0.043294191264898266, 0.025421160182641258, 0.07043616844451832, 0.07382891559197083, 0.041006286848460555, 0.0012906127477340947, 0.06618301279857641, 0.06357245519520517, 0.07881537393548892, 0.02773839670698202, 0.013189671187070406, 0.015047371354263421, 0.0023367912629427925, 0.0134927696354019, 0.0017305943662798088], [0.05607824179093377, 0.011899892157227325, 0.035476553493733964, 0.0493845524524934, 0.1257669852366963, 0.013498940165854748, 0.008738983302963818, 0.007474619761258414, 0.0853073519021234, 0.0030865345282808376, 0.002082481127514782, 0.04607489494626455, 0.03265032910639247, 0.0735562083968614, 0.07720055037001228, 0.03540217916775129, 0.006879625153397047, 0.06712282919936038, 0.08965824997210962, 0.06831281841508312, 0.04313710906994905, 0.014465806403629468, 0.02937785876315496, 0.010040534007660555, 0.005987133241604998, 0.0013387378676880742], [0.07136281944505327, 0.011353175820803928, 0.03824573707973524, 0.04010870994608337, 0.1384517599614255, 0.01220795160654013, 0.015407881471091045, 0.01843247271292684, 0.07909963617235787, 0.004317713584359795, 0.002586244685047999, 0.0585630999868496, 0.03322666900451497, 0.070617630298514, 0.06969710252925963, 0.049576995572699775, 0.0071888835313198615, 0.06397667996317889, 0.07289703239381054, 0.06627799938631482, 0.048744137114802966, 0.013961337833691316, 0.0033533511594266425, 0.004756060141147591, 0.0038574496997326084, 0.001731468899311796], [0.09908936564284612, 0.021453928075320264, 0.014817101404537738, 0.042444821731748725, 0.08550702268868653, 0.011575860472295108, 0.026238617070535576, 0.015897515048618614, 0.08720481555795648, 0.00648248186448526, 0.024849513813860163, 0.034264546997993514, 0.04167309770026239, 0.08103102330606575, 0.059731440037042755, 0.027010341102021915, 0.0030868961259453618, 0.06868343880228431, 0.07809847198641766, 0.05309461336626022, 0.03812316715542522, 0.018984411174563978, 0.035344960642074395, 0.008180274733755209, 0.012810618922673251, 0.004321654576323507], [0.16267426634830162, 0.025764461218516523, 0.014480474466610183, 0.041169221289378416, 0.08730647770160979, 0.006315951629053377, 0.03577755526457675, 0.025071247015327737, 0.08133713317415081, 0.007509820534545174, 0.03843487637680043, 0.04290225679735038, 0.040822614187784025, 0.08923207271046753, 0.0313101748440268, 0.03647076946776554, 0.0007702380035430948, 0.0536085650465994, 0.04887160132480937, 0.05330046984518216, 0.04760070861896326, 0.005430177924978819, 0.005391666024801664, 0.001347916506200416, 0.015558807671570515, 0.0015404760070861895], [0.1832831325301205, 0.019465361445783133, 0.014269578313253012, 0.02650602409638554, 0.03283132530120482, 0.008057228915662651, 0.0817394578313253, 0.014156626506024096, 0.08102409638554217, 0.0005647590361445783, 0.02394578313253012, 0.03550451807228916, 0.038140060240963856, 0.12123493975903614, 0.05794427710843374, 0.03147590361445783, 0.0007530120481927711, 0.036031626506024095, 0.05865963855421687, 0.05233433734939759, 0.024359939759036144, 0.005534638554216867, 0.02884036144578313, 0.004216867469879518, 0.017771084337349398, 0.001355421686746988], [0.14011127971674253, 0.014668689934243804, 0.01669195751138088, 0.02225594334850784, 0.048558421851289835, 0.010116337885685382, 0.05867475973697522, 0.013151239251390997, 0.06272129489124936, 0.005058168942842691, 0.02225594334850784, 0.03945371775417299, 0.035912999494183105, 0.09509357612544259, 0.0637329286798179, 0.051593323216995446, 0.009104704097116844, 0.04552352048558422, 0.05311077389984825, 0.06120384420839656, 0.041476985331310064, 0.012139605462822459, 0.024785027819929185, 0.012139605462822459, 0.027314112291350532, 0.013151239251390997]], "labels": ["en", "en", "fr", "fr", "id", "id", "tl", "tl"]}, {"freqs": [[0.0709349593495935, 0.012195121951219513, 0.043089430894308944, 0.04369918699186992, 0.0991869918699187, 0.015650406504065042, 0.019105691056910568, 0.04227642276422764, 0.07073170731707316, 0.0034552845528455283, 0.007113821138211382, 0.0524390243902439, 0.02703252032520325, 0.075, 0.08658536585365853, 0.018495934959349595, 0.0032520325203252032, 0.07601626016260163, 0.06097560975609756, 0.07906504065040651, 0.028252032520325203, 0.013414634146341463, 0.01768292682926829, 0.005284552845528455, 0.023577235772357725, 0.00548780487804878], [0.0810376492194674, 0.01928374655647383, 0.029499540863177225, 0.037764003673094584, 0.132346189164371, 0.017332415059687786, 0.03076216712580349, 0.027203856749311296, 0.07346189164370982, 0.0035583103764921945, 0.010560146923783287, 0.04201101928374656, 0.024678604224058768, 0.05303030303030303, 0.0678374655647383, 0.02123507805325987, 0.007116620752984389, 0.08872819100091828, 0.0710514233241506, 0.07702020202020202, 0.03179522497704316, 0.015610651974288337, 0.015955004591368227, 0.004591368227731864, 0.013085399449035813, 0.003443526170798898], [0.06573604060913706, 0.011421319796954314, 0.04238578680203046, 0.03071065989847716, 0.11116751269035532, 0.014720812182741117, 0.024619289340101522, 0.023350253807106598, 0.08883248730964467, 0.004568527918781726, 0.0040609137055837565, 0.05507614213197969, 0.023604060913705583, 0.07258883248730964, 0.07385786802030457, 0.02284263959390863, 0.005583756345177665, 0.05380710659898477, 0.08527918781725888, 0.07918781725888324, 0.031725888324873094, 0.022588832487309644, 0.01649746192893401, 0.006345177664974619, 0.022588832487309644, 0.006852791878172589], [0.06804050453011191, 0.02629241428317641, 0.02860188310534731, 0.03783975839403091, 0.11476283531710783, 0.016699236098774203, 0.023272339669568307, 0.05684846331497602, 0.06288861254219222, 0.0030200746136081007, 0.014034464380884704, 0.04423521051696571, 0.022384082430271807, 0.057559069106413216, 0.08509504352460473, 0.018475750577367205, 0.003197726061467401, 0.05880262924142832, 0.07230413927873512, 0.09166814709539883, 0.02647006573103571, 0.008527269497246403, 0.022384082430271807, 0.009770829632261504, 0.020785219399538105, 0.0060401492272162014], [0.06890206501737886, 0.019218973625025556, 0.029441831936209365, 0.03762011858515641, 0.13269270087916582, 0.02003680228992026, 0.020241259456143936, 0.05459006338172153, 0.06235943569822122, 0.0049069719893682275, 0.0075649151502760175, 0.03925577591494582, 0.029441831936209365, 0.06072377836843181, 0.06460846452668166, 0.02065017378859129, 0.0036802289920261706, 0.0711510938458393, 0.05929257820486608, 0.09302801063177264, 0.0273972602739726, 0.01431200163565733, 0.026783888775301575, 0.0075649151502760175, 0.018810059292578205, 0.0057248006542629315], [0.07713083349035865, 0.010300860498712393, 0.03661830287042271, 0.05238364424345204, 0.14766660385654168, 0.016205012247974375, 0.010866151623641731, 0.015639721123045035, 0.06846303624144212, 0.002826455624646693, 0.0046479492494190065, 0.06953080836630865, 0.027008353746623956, 0.0715407323660574, 0.04905470761886816, 0.026443062621694616, 0.006783493499152063, 0.0746184284906727, 0.07128949186608881, 0.07719364361535079, 0.05363984674329502, 0.01532567049808429, 0.0020727341247409083, 0.0052760504993404934, 0.005087620124364048, 0.0023867847497016518], [0.07701075728432001, 0.014782360903326922, 0.0354064258744746, 0.04441832300349077, 0.14814419035406426, 0.011825888722661538, 0.011576547695376504, 0.012716392391536654, 0.07145401439053929, 0.002422169979340315, 0.002279689392320296, 0.06465056636033341, 0.031523829878179095, 0.0684263019163639, 0.05677851392747738, 0.029351000926123815, 0.007337750231530954, 0.07448172686471469, 0.08178385694949063, 0.07042103013464415, 0.05453444468191209, 0.011255966374581464, 0.005271781719740685, 0.004666239224905606, 0.006126665241860796, 0.001353565576690176], [0.07134570765661252, 0.012877030162412994, 0.034860788863109046, 0.04431554524361949, 0.14814385150812065, 0.010614849187935035, 0.010730858468677494, 0.011716937354988398, 0.07053364269141531, 0.0034802784222737818, 0.0015661252900232019, 0.05910672853828306, 0.041937354988399074, 0.0755800464037123, 0.06160092807424594, 0.03172853828306264, 0.007424593967517401, 0.07645011600928074, 0.07790023201856149, 0.06554524361948956, 0.05110208816705336, 0.013689095127610209, 0.00382830626450116, 0.006206496519721578, 0.006148491879350348, 0.0015661252900232019], [0.06978408684241919, 0.015268996779195992, 0.038530359060002385, 0.04950495049504951, 0.15149707741858523, 0.013121794107121556, 0.0137182392938089, 0.014672551592508649, 0.08326374806155315, 0.005248717642848622, 0.002982225933436717, 0.0609566980794465, 0.029345103185017297, 0.07264702373851843, 0.05570798043659788, 0.024334963616843612, 0.007515209352260527, 0.08087796731480378, 0.06608612668495766, 0.0609566980794465, 0.0434212095908386, 0.017058332339258023, 0.0033400930454491233, 0.007634498389597996, 0.007634498389597996, 0.0048908505308362165], [0.07424381301558204, 0.010999083409715857, 0.033547204399633365, 0.04931255728689276, 0.13547204399633364, 0.01228230980751604, 0.01998166819431714, 0.019615032080659945, 0.08597616865261229, 0.005316223648029331, 0.004032997250229147, 0.05609532538955087, 0.02548120989917507, 0.0775435380384968, 0.05866177818515124, 0.02474793767186068, 0.007332722273143905, 0.0762603116406966, 0.07131072410632447, 0.06306141154903758, 0.044912923923006415, 0.017048579285059578, 0.004399633363886343, 0.007332722273143905, 0.009349220898258478, 0.0056828597616865265], [0.10849056603773585, 0.02830188679245283, 0.013293310463121783, 0.030874785591766724, 0.08490566037735849, 0.006003430531732418, 0.054030874785591765, 0.015008576329331046, 0.09348198970840481, 0.007289879931389366, 0.025728987993138937, 0.04631217838765009, 0.030445969125214408, 0.0797598627787307, 0.03816466552315609, 0.027873070325900515, 0.00686106346483705, 0.07332761578044597, 0.06732418524871354, 0.04845626072041166, 0.04502572898799314, 0.012435677530017153, 0.015008576329331046, 0.011149228130360206, 0.01843910806174957, 0.012006861063464836], [0.14175039341484083, 0.023846991889601744, 0.009078804018883913, 0.03825202759956422, 0.0901827865875802, 0.011257716983416051, 0.033288948069241014, 0.018641810918774968, 0.09732477908243554, 0.00617358673284106, 0.03764677399830529, 0.03704152039704636, 0.038373078319816005, 0.08291974337247307, 0.035831013194528506, 0.03522575959326958, 0.001936811524028568, 0.046846628737440985, 0.08037767824718557, 0.05108340394625348, 0.04139934632611064, 0.010289311221401767, 0.007505144655610701, 0.004115724488560707, 0.015978695073235686, 0.003631521607553565], [0.17512414649286157, 0.02308348851644941, 0.005509000620732465, 0.038369025450031034, 0.08275139664804469, 0.012725015518311608, 0.04919304779639975, 0.018699565487274986, 0.08635940409683426, 0.007642768466790813, 0.03930012414649286, 0.03549813780260708, 0.04186064556176288, 0.09858007448789571, 0.031075418994413406, 0.03026070763500931, 0.0006207324643078833, 0.05206393544382371, 0.04771880819366853, 0.04996896337678461, 0.0486887026691496, 0.002366542520173805, 0.004888268156424581, 0.0011250775915580384, 0.015324332712600868, 0.001202669149596524], [0.16559422193040052, 0.024819435325016414, 0.004596191726854892, 0.03191070256073539, 0.06848325673013789, 0.008076165462902166, 0.04451739986868024, 0.015167432698621142, 0.09579776756401838, 0.007091267235718976, 0.04077478660538411, 0.04819435325016415, 0.04326986211424819, 0.08791858174655286, 0.057583716349310574, 0.03000656598818122, 0.001050558108995404, 0.05009848982271832, 0.05443204202232436, 0.049967170059093895, 0.04694681549573211, 0.003545633617859488, 0.0032173342087984244, 0.0017071569271175312, 0.013066316480630336, 0.0021667760998030205], [0.17910833373702142, 0.0255453826155759, 0.008235237126386668, 0.04590741009866137, 0.08320819002405981, 0.005167207608713204, 0.03403898012239823, 0.020830305672625102, 0.08835925010899578, 0.009155645981688708, 0.035895945356779535, 0.035669880023898336, 0.03399053755106654, 0.099597926657947, 0.0348625038350369, 0.029808328892764295, 0.0004359831419851766, 0.05685543121962247, 0.05438486008170647, 0.05025109399473591, 0.04335610134185922, 0.003326389898109125, 0.006555894653554877, 0.0006781959986436081, 0.013240969497327585, 0.0015340147588367324], [0.2204388533420092, 0.024328525467230598, 0.008097458699345696, 0.013122221017243248, 0.024075479882876043, 0.003651086288544265, 0.09539818530166648, 0.018833821349817446, 0.08643314174167661, 0.0015905722445143332, 0.027075877525937174, 0.05064526624010411, 0.030293171384159347, 0.12619744785453493, 0.04471676969236887, 0.033691212088349055, 0.001445974767740303, 0.018074684596753786, 0.04912699273397679, 0.054585547482196434, 0.027907313017387848, 0.0031811444890286664, 0.013049922278856234, 0.0013375266601597803, 0.02074973791707335, 0.001952065936449409], [0.21782744909025184, 0.01777322568984215, 0.005000602482226774, 0.013947463549825281, 0.022954572840101217, 0.0019279431256777925, 0.08919749367393662, 0.016929750572358116, 0.08455838052777442, 0.0009639715628388962, 0.03500421737558742, 0.04621038679358959, 0.043137727437040606, 0.1284190866369442, 0.049403542595493434, 0.029009519219183034, 0.0007229786721291722, 0.02346668273285938, 0.05413302807567177, 0.04500542234004097, 0.03295577780455477, 0.0012652126762260514, 0.009669839739727678, 0.0009940956741776117, 0.028617905771779733, 0.0009037233401614652], [0.22560942056897595, 0.020745061354757056, 0.0025862543333516758, 0.012711164914983766, 0.029494304737797832, 0.0005502668794365267, 0.09013371485170307, 0.011445551092279755, 0.06955373356077697, 0.0022560942056897597, 0.031200132064051065, 0.04902877895779453, 0.03521708028393771, 0.13354977163924503, 0.04281076322016178, 0.03158531887965663, 0.0009354536950420954, 0.027348263907995378, 0.04748803169537225, 0.05959390304297584, 0.035272106971881365, 0.002201067517746107, 0.01524239256039179, 0.0013206405106476642, 0.020690034666813406, 0.0014306938865349694], [0.17270663415454468, 0.02228201463045489, 0.018666442445135795, 0.021441183889683007, 0.06348272092827714, 0.005213150592785672, 0.06558479778020684, 0.019086857815521736, 0.07315227444715379, 0.002606575296392836, 0.020852602371142687, 0.04220970318674851, 0.03733288489027159, 0.1109896577818885, 0.05566299503909863, 0.02959724207517027, 0.0017657445556209534, 0.04607752459429917, 0.05885815185403178, 0.05490624737240393, 0.028756411334398387, 0.006726645926175061, 0.009837719667031026, 0.0027747414445472127, 0.024720423778693348, 0.004708652148322542], [0.19369725738396623, 0.02188818565400844, 0.0189873417721519, 0.035864978902953586, 0.06197257383966245, 0.0061972573839662445, 0.03243670886075949, 0.007383966244725738, 0.07331223628691984, 0.003428270042194093, 0.015427215189873418, 0.049841772151898736, 0.024393459915611815, 0.1116824894514768, 0.06658755274261603, 0.03151371308016877, 0.0038238396624472575, 0.03995253164556962, 0.06460970464135021, 0.04667721518987342, 0.029272151898734177, 0.007383966244725738, 0.008438818565400843, 0.003428270042194093, 0.03560126582278481, 0.0061972573839662445]], "labels": ["en", "en", "en", "en", "en", "fr", "fr", "fr", "fr", "fr", "id", "id", "id", "id", "id", "tl", "tl", "tl", "tl", "tl"]}]